Java:

Vertice 0 (0.000000,0.000000) 
Vertice 1 (6.000000,0.000000) 
Vertice 2 (28.000000,0.000000) 
Vertice 3 (1.000000,2.000000) 
Vertice 4 (17.500000,2.000000) 
Vertice 5 (4.000000,5.000000) 
Vertice 6 (6.000000,5.000000) 
Vertice 7 (18.000000,5.000000) 
Vertice 8 (21.000000,5.000000) 
Vertice 9 (9.000000,6.500000) 
Vertice 10 (11.000000,6.500000) 
Vertice 11 (13.000000,6.500000) 
Vertice 12 (13.500000,6.500000) 
Vertice 13 (17.500000,6.500000) 
Vertice 14 (5.000000,7.000000) 
Vertice 15 (7.000000,7.000000) 
Vertice 16 (8.000000,7.000000) 
Vertice 17 (9.000000,7.000000) 
Vertice 18 (11.000000,7.000000) 
Vertice 19 (13.000000,7.000000) 
Vertice 20 (13.500000,7.000000) 
Vertice 21 (15.000000,7.000000) 
Vertice 22 (17.000000,7.000000) 
Vertice 23 (19.000000,7.000000) 
Vertice 24 (21.000000,7.000000) 
Vertice 25 (4.000000,7.500000) 
Vertice 26 (6.000000,7.500000) 
Vertice 27 (4.000000,10.500000) 
Vertice 28 (6.000000,10.500000) 
Vertice 29 (5.000000,11.000000) 
Vertice 30 (7.000000,11.000000) 
Vertice 31 (8.000000,11.000000) 
Vertice 32 (9.000000,11.000000) 
Vertice 33 (11.000000,11.000000) 
Vertice 34 (13.000000,11.000000) 
Vertice 35 (13.500000,11.000000) 
Vertice 36 (15.000000,11.000000) 
Vertice 37 (17.000000,11.000000) 
Vertice 38 (19.000000,11.000000) 
Vertice 39 (21.000000,11.000000) 
Vertice 40 (9.000000,11.500000) 
Vertice 41 (11.000000,11.500000) 
Vertice 42 (13.000000,11.500000) 
Vertice 43 (13.500000,11.500000) 
Vertice 44 (17.500000,11.500000) 
Vertice 45 (4.000000,13.000000) 
Vertice 46 (6.000000,13.000000) 
Vertice 47 (18.000000,13.000000) 
Vertice 48 (21.000000,13.000000) 
Vertice 49 (1.000000,16.000000) 
Vertice 50 (17.500000,16.000000) 
Vertice 51 (0.000000,18.000000) 
Vertice 52 (6.000000,18.000000) 
Vertice 53 (28.000000,18.000000) 
Sector 0 Neighbours -1,1,11,22 Vertices (1.000000, 16.000000),(1.000000, 2.000000),(5.000000, 7.000000),(5.000000, 11.000000),(1.000000, 16.000000) 
Sector 1 Neighbours -1,12,11,0,21 Vertices (9.000000, 6.500000),(9.000000, 7.000000),(7.000000, 7.000000),(5.000000, 7.000000),(1.000000, 2.000000),(9.000000, 6.500000) 
Sector 2 Neighbours -1,20,-1,3,-1,-1,22 Vertices (9.000000, 11.500000),(11.000000, 11.500000),(13.000000, 11.500000),(13.500000, 11.500000),(17.500000, 11.500000),(17.500000, 16.000000),(1.000000, 16.000000),(9.000000, 11.500000) 
Sector 3 Neighbours -1,21,-1,2,-1,4 Vertices (13.500000, 7.000000),(13.500000, 6.500000),(17.500000, 6.500000),(17.500000, 11.500000),(13.500000, 11.500000),(13.500000, 11.000000),(13.500000, 7.000000) 
Sector 4 Neighbours -1,-1,3,-1 Vertices (8.000000, 11.000000),(8.000000, 7.000000),(13.500000, 7.000000),(13.500000, 11.000000),(8.000000, 11.000000) 
Sector 5 Neighbours 18,-1,7,-1,6,-1 Vertices (21.000000, 11.000000),(21.000000, 7.000000),(21.000000, 5.000000),(28.000000, 0.000000),(28.000000, 18.000000),(21.000000, 13.000000),(21.000000, 11.000000) 
Sector 6 Neighbours 5,-1,8,10,-1 Vertices (21.000000, 13.000000),(28.000000, 18.000000),(6.000000, 18.000000),(6.000000, 13.000000),(18.000000, 13.000000),(21.000000, 13.000000) 
Sector 7 Neighbours 23,-1,5,-1,10 Vertices (6.000000, 5.000000),(6.000000, 0.000000),(28.000000, 0.000000),(21.000000, 5.000000),(18.000000, 5.000000),(6.000000, 5.000000) 
Sector 8 Neighbours -1,6,-1,24 Vertices (4.000000, 13.000000),(6.000000, 13.000000),(6.000000, 18.000000),(0.000000, 18.000000),(4.000000, 13.000000) 
Sector 9 Neighbours 24,-1,10,-1 Vertices (4.000000, 10.500000),(4.000000, 7.500000),(6.000000, 7.500000),(6.000000, 10.500000),(4.000000, 10.500000) 
Sector 10 Neighbours -1,7,-1,6,-1,9 Vertices (6.000000, 7.500000),(6.000000, 5.000000),(18.000000, 5.000000),(18.000000, 13.000000),(6.000000, 13.000000),(6.000000, 10.500000),(6.000000, 7.500000) 
Sector 11 Neighbours 0,1,12,22 Vertices (5.000000, 11.000000),(5.000000, 7.000000),(7.000000, 7.000000),(7.000000, 11.000000),(5.000000, 11.000000) 
Sector 12 Neighbours 11,1,13,22 Vertices (7.000000, 11.000000),(7.000000, 7.000000),(9.000000, 7.000000),(9.000000, 11.000000),(7.000000, 11.000000) 
Sector 13 Neighbours 12,-1,14,-1 Vertices (9.000000, 11.000000),(9.000000, 7.000000),(11.000000, 7.000000),(11.000000, 11.000000),(9.000000, 11.000000) 
Sector 14 Neighbours 13,19,15,20 Vertices (11.000000, 11.000000),(11.000000, 7.000000),(13.000000, 7.000000),(13.000000, 11.000000),(11.000000, 11.000000) 
Sector 15 Neighbours 14,-1,16,-1 Vertices (13.000000, 11.000000),(13.000000, 7.000000),(15.000000, 7.000000),(15.000000, 11.000000),(13.000000, 11.000000) 
Sector 16 Neighbours 15,-1,17,-1 Vertices (15.000000, 11.000000),(15.000000, 7.000000),(17.000000, 7.000000),(17.000000, 11.000000),(15.000000, 11.000000) 
Sector 17 Neighbours 16,-1,18,-1 Vertices (17.000000, 11.000000),(17.000000, 7.000000),(19.000000, 7.000000),(19.000000, 11.000000),(17.000000, 11.000000) 
Sector 18 Neighbours 17,-1,5,-1 Vertices (19.000000, 11.000000),(19.000000, 7.000000),(21.000000, 7.000000),(21.000000, 11.000000),(19.000000, 11.000000) 
Sector 19 Neighbours -1,21,-1,14 Vertices (11.000000, 7.000000),(11.000000, 6.500000),(13.000000, 6.500000),(13.000000, 7.000000),(11.000000, 7.000000) 
Sector 20 Neighbours -1,14,-1,2 Vertices (11.000000, 11.500000),(11.000000, 11.000000),(13.000000, 11.000000),(13.000000, 11.500000),(11.000000, 11.500000) 
Sector 21 Neighbours -1,-1,3,-1,19,-1,1 Vertices (1.000000, 2.000000),(17.500000, 2.000000),(17.500000, 6.500000),(13.500000, 6.500000),(13.000000, 6.500000),(11.000000, 6.500000),(9.000000, 6.500000),(1.000000, 2.000000) 
Sector 22 Neighbours 0,11,12,-1,2 Vertices (1.000000, 16.000000),(5.000000, 11.000000),(7.000000, 11.000000),(9.000000, 11.000000),(9.000000, 11.500000),(1.000000, 16.000000) 
Sector 23 Neighbours -1,7,-1,24 Vertices (0.000000, 0.000000),(6.000000, 0.000000),(6.000000, 5.000000),(4.000000, 5.000000),(0.000000, 0.000000) 
Sector 24 Neighbours -1,23,-1,9,-1,8 Vertices (0.000000, 18.000000),(0.000000, 0.000000),(4.000000, 5.000000),(4.000000, 7.500000),(4.000000, 10.500000),(4.000000, 13.000000),(0.000000, 18.000000) 
Player (2.000000,6.000000,6.000000) Angle 0.000000, Sector 0 